David Ulriksen
002270761
DA & CPSC MAJOR


DNA1.txt Results

A = 1360
C = 1401
T = 1392
G = 1357
Total Characters = 5510
Total Bigrams = 4510
A% = 0.246824
C% = 0.254265
T% = 0.252632
G% = 0.246279
AA% = 0.060976
AC% = 0.064302
AT% = 0.061641
AG% = 0.060976
CA% = 0.064302
CC% = 0.060310
CT% = 0.061863
CG% = 0.061641
TA% = 0.058980
TC% = 0.066297
TT% = 0.064745
TG% = 0.059645
GA% = 0.066962
GC% = 0.057206
GT% = 0.066519
GG% = 0.063636
Mean = 5.000000
Variance = 8.752752
Standard Deviation = 2.957026

DNA2.txt Results

A = 12531
C = 12597
T = 12748
G = 12670
Total Characters = 50546
Total Bigrams = 49546
A% = 0.247913
C% = 0.249219
T% = 0.252206
G% = 0.250663
AA% = 0.061196
AC% = 0.061741
AT% = 0.062104
AG% = 0.062629
CA% = 0.061175
CC% = 0.063254
CT% = 0.063073
CG% = 0.061942
TA% = 0.063456
TC% = 0.062386
TT% = 0.062366
TG% = 0.064041
GA% = 0.062265
GC% = 0.061559
GT% = 0.064506
GG% = 0.062306
Mean = 50.000000
Variance = 844.878906
Standard Deviation = 29.052263
